=> creating model 'alexnet'
Epoch: [0][   0/2500]	Time  8.382 ( 8.382)	Data  0.371 ( 0.371)	Loss 6.9095e+00 (6.9095e+00)	Acc@1   0.00 (  0.00)	Acc@5   0.00 (  0.00)
Epoch: [0][ 500/2500]	Time  0.042 ( 0.071)	Data  0.000 ( 0.019)	Loss 6.9126e+00 (6.9106e+00)	Acc@1   0.00 (  0.05)	Acc@5   0.00 (  0.27)
Epoch: [0][1000/2500]	Time  0.044 ( 0.063)	Data  0.028 ( 0.020)	Loss 6.9135e+00 (6.9118e+00)	Acc@1   0.00 (  0.05)	Acc@5   0.00 (  0.26)
Epoch: [0][1500/2500]	Time  0.042 ( 0.060)	Data  0.000 ( 0.020)	Loss 6.9233e+00 (6.9129e+00)	Acc@1   0.00 (  0.05)	Acc@5   0.00 (  0.26)
Epoch: [0][2000/2500]	Time  0.048 ( 0.059)	Data  0.031 ( 0.020)	Loss 6.9291e+00 (6.9137e+00)	Acc@1   0.00 (  0.04)	Acc@5   0.00 (  0.21)
max gpu memory used = 923378688
Total training time: 0:02:22.748334
Test: [   0/1250]	Time  0.641 ( 0.641)	Loss 6.9218e+00 (6.9218e+00)	Acc@1   0.00 (  0.00)	Acc@5   0.00 (  0.00)
Test: [ 500/1250]	Time  0.016 ( 0.056)	Loss 6.9195e+00 (6.9075e+00)	Acc@1   0.00 (  0.00)	Acc@5   0.00 (  0.75)
Test: [1000/1250]	Time  0.103 ( 0.056)	Loss 6.9066e+00 (6.9078e+00)	Acc@1   0.00 (  0.12)	Acc@5   0.00 (  0.50)
 * Acc@1 0.100 Acc@5 0.500
Total validate time: 0:01:09.415351
