=> creating model 'alexnet'
Epoch: [0][   0/2500]	Time 10.549 (10.549)	Data  0.823 ( 0.823)	Loss 6.9003e+00 (6.9003e+00)	Acc@1   0.00 (  0.00)	Acc@5   0.00 (  0.00)
Epoch: [0][ 500/2500]	Time  0.097 ( 0.081)	Data  0.075 ( 0.039)	Loss 6.9304e+00 (6.9102e+00)	Acc@1   0.00 (  0.05)	Acc@5   0.00 (  0.37)
Epoch: [0][1000/2500]	Time  0.025 ( 0.075)	Data  0.000 ( 0.042)	Loss 6.9002e+00 (6.9118e+00)	Acc@1   0.00 (  0.06)	Acc@5   0.00 (  0.34)
Epoch: [0][1500/2500]	Time  0.025 ( 0.071)	Data  0.000 ( 0.041)	Loss 6.9029e+00 (6.9127e+00)	Acc@1   0.00 (  0.06)	Acc@5   0.00 (  0.31)
Epoch: [0][2000/2500]	Time  0.023 ( 0.070)	Data  0.000 ( 0.042)	Loss 6.9278e+00 (6.9137e+00)	Acc@1   0.00 (  0.05)	Acc@5   0.00 (  0.24)
max gpu memory used = 923378688
Total training time: 0:02:50.746612
Test: [   0/1250]	Time  0.890 ( 0.890)	Loss 6.8996e+00 (6.8996e+00)	Acc@1   0.00 (  0.00)	Acc@5   0.00 (  0.00)
Test: [ 500/1250]	Time  0.011 ( 0.065)	Loss 6.9038e+00 (6.9076e+00)	Acc@1   0.00 (  0.00)	Acc@5   0.00 (  0.75)
Test: [1000/1250]	Time  0.316 ( 0.066)	Loss 6.9124e+00 (6.9076e+00)	Acc@1   0.00 (  0.12)	Acc@5   0.00 (  0.62)
 * Acc@1 0.100 Acc@5 0.500
Total validate time: 0:01:20.791565
